0000010000100	132
0000010000101	133
0000010000110	134
0000010000111	135
0000010001100	140
0000010001101	141
0000010010100	148
0000010010101	149
0000010010110	150
0000010010111	151
0000010011100	156
0000010011101	157
0000010100100	164
0000010100101	165
0000010100110	166
0000010100111	167
0000010101100	172
0000010101101	173
0000010110100	180
0000010110101	181
0000010110110	182
0000010110111	183
0000010111100	188
0000010111101	189
0000011000100	196
0000011000101	197
0000011000110	198
0000011000111	199
0000011001100	204
0000011001101	205
0000011010100	212
0000011010101	213
0000011010110	214
0000011010111	215
0000011011100	220
0000011011101	221
0000011100100	228
0000011100101	229
0000011100110	230
0000011100111	231
0000011101100	236
0000011101101	237
0000011110100	244
0000011110101	245
0000011110110	246
0000011110111	247
0000011111100	252
0000011111101	253
0100010000100	2180
0100010000101	2181
0100010000110	2182
0100010000111	2183
0100010001100	2188
0100010001101	2189
0100010010100	2196
0100010010101	2197
0100010010110	2198
0100010010111	2199
0100010011100	2204
0100010011101	2205
0100010100100	2212
0100010100101	2213
0100010100110	2214
0100010100111	2215
0100010101100	2220
0100010101101	2221
0100010110100	2228
0100010110101	2229
0100010110110	2230
0100010110111	2231
0100010111100	2236
0100010111101	2237
0100011000100	2244
0100011000101	2245
0100011000110	2246
0100011000111	2247
0100011001100	2252
0100011001101	2253
0100011010100	2260
0100011010101	2261
0100011010110	2262
0100011010111	2263
0100011011100	2268
0100011011101	2269
0100011100100	2276
0100011100101	2277
0100011100110	2278
0100011100111	2279
0100011101100	2284
0100011101101	2285
0100011110100	2292
0100011110101	2293
0100011110110	2294
0100011110111	2295
0100011111100	2300
0100011111101	2301
1000010000100	4228
1000010000101	4229
1000010000110	4230
1000010000111	4231
1000010001100	4236
1000010001101	4237
1000010010100	4244
1000010010101	4245
1000010010110	4246
1000010010111	4247
1000010011100	4252
1000010011101	4253
1000010100100	4260
1000010100101	4261
1000010100110	4262
1000010100111	4263
1000010101100	4268
1000010101101	4269
1000010110100	4276
1000010110101	4277
1000010110110	4278
1000010110111	4279
1000010111100	4284
1000010111101	4285
1000011000100	4292
1000011000101	4293
1000011000110	4294
1000011000111	4295
1000011001100	4300
1000011001101	4301
1000011010100	4308
1000011010101	4309
1000011010110	4310
1000011010111	4311
1000011011100	4316
1000011011101	4317
1000011100100	4324
1000011100101	4325
1000011100110	4326
1000011100111	4327
1000011101100	4332
1000011101101	4333
1000011110100	4340
1000011110101	4341
1000011110110	4342
1000011110111	4343
1000011111100	4348
1000011111101	4349
1100010000100	6276
1100010000101	6277
1100010000110	6278
1100010000111	6279
1100010001100	6284
1100010001101	6285
1100010010100	6292
1100010010101	6293
1100010010110	6294
1100010010111	6295
1100010011100	6300
1100010011101	6301
1100010100100	6308
1100010100101	6309
1100010100110	6310
1100010100111	6311
1100010101100	6316
1100010101101	6317
1100010110100	6324
1100010110101	6325
1100010110110	6326
1100010110111	6327
1100010111100	6332
1100010111101	6333
1100011000100	6340
1100011000101	6341
1100011000110	6342
1100011000111	6343
1100011001100	6348
1100011001101	6349
1100011010100	6356
1100011010101	6357
1100011010110	6358
1100011010111	6359
1100011011100	6364
1100011011101	6365
1100011100100	6372
1100011100101	6373
1100011100110	6374
1100011100111	6375
1100011101100	6380
1100011101101	6381
1100011110100	6388
1100011110101	6389
1100011110110	6390
1100011110111	6391
1100011111100	6396
1100011111101	6397
0000010000000	128
0000010000001	129
0000010000010	130
0000010000011	131
0000010001000	136
0000010001001	137
0000010010000	144
0000010010001	145
0000010010010	146
0000010010011	147
0000010011000	152
0000010011001	153
0000010100000	160
0000010100001	161
0000010100010	162
0000010100011	163
0000010101000	168
0000010101001	169
0000010110000	176
0000010110001	177
0000010110010	178
0000010110011	179
0000010111000	184
0000010111001	185
0000011000000	192
0000011000001	193
0000011000010	194
0000011000011	195
0000011001000	200
0000011001001	201
0000011010000	208
0000011010001	209
0000011010010	210
0000011010011	211
0000011011000	216
0000011011001	217
0000011100000	224
0000011100001	225
0000011100010	226
0000011100011	227
0000011101000	232
0000011101001	233
0000011110000	240
0000011110001	241
0000011110010	242
0000011110011	243
0000011111000	248
0000011111001	249
0100010000000	2176
0100010000001	2177
0100010000010	2178
0100010000011	2179
0100010001000	2184
0100010001001	2185
0100010010000	2192
0100010010001	2193
0100010010010	2194
0100010010011	2195
0100010011000	2200
0100010011001	2201
0100010100000	2208
0100010100001	2209
0100010100010	2210
0100010100011	2211
0100010101000	2216
0100010101001	2217
0100010110000	2224
0100010110001	2225
0100010110010	2226
0100010110011	2227
0100010111000	2232
0100010111001	2233
0100011000000	2240
0100011000001	2241
0100011000010	2242
0100011000011	2243
0100011001000	2248
0100011001001	2249
0100011010000	2256
0100011010001	2257
0100011010010	2258
0100011010011	2259
0100011011000	2264
0100011011001	2265
0100011100000	2272
0100011100001	2273
0100011100010	2274
0100011100011	2275
0100011101000	2280
0100011101001	2281
0100011110000	2288
0100011110001	2289
0100011110010	2290
0100011110011	2291
0100011111000	2296
0100011111001	2297
1000010000000	4224
1000010000001	4225
1000010000010	4226
1000010000011	4227
1000010001000	4232
1000010001001	4233
1000010010000	4240
1000010010001	4241
1000010010010	4242
1000010010011	4243
1000010011000	4248
1000010011001	4249
1000010100000	4256
1000010100001	4257
1000010100010	4258
1000010100011	4259
1000010101000	4264
1000010101001	4265
1000010110000	4272
1000010110001	4273
1000010110010	4274
1000010110011	4275
1000010111000	4280
1000010111001	4281
1000011000000	4288
1000011000001	4289
1000011000010	4290
1000011000011	4291
1000011001000	4296
1000011001001	4297
1000011010000	4304
1000011010001	4305
1000011010010	4306
1000011010011	4307
1000011011000	4312
1000011011001	4313
1000011100000	4320
1000011100001	4321
1000011100010	4322
1000011100011	4323
1000011101000	4328
1000011101001	4329
1000011110000	4336
1000011110001	4337
1000011110010	4338
1000011110011	4339
1000011111000	4344
1000011111001	4345
1100010000000	6272
1100010000001	6273
1100010000010	6274
1100010000011	6275
1100010001000	6280
1100010001001	6281
1100010010000	6288
1100010010001	6289
1100010010010	6290
1100010010011	6291
1100010011000	6296
1100010011001	6297
1100010100000	6304
1100010100001	6305
1100010100010	6306
1100010100011	6307
1100010101000	6312
1100010101001	6313
1100010110000	6320
1100010110001	6321
1100010110010	6322
1100010110011	6323
1100010111000	6328
1100010111001	6329
1100011000000	6336
1100011000001	6337
1100011000010	6338
1100011000011	6339
1100011001000	6344
1100011001001	6345
1100011010000	6352
1100011010001	6353
1100011010010	6354
1100011010011	6355
1100011011000	6360
1100011011001	6361
1100011100000	6368
1100011100001	6369
1100011100010	6370
1100011100011	6371
1100011101000	6376
1100011101001	6377
1100011110000	6384
1100011110001	6385
1100011110010	6386
1100011110011	6387
1100011111000	6392
1100011111001	6393
0010010000000	1152
0010010000001	1153
0010010000010	1154
0010010000011	1155
0010010001000	1160
0010010001001	1161
0010010010000	1168
0010010010001	1169
0010010010010	1170
0010010010011	1171
0010010011000	1176
0010010011001	1177
0010010100000	1184
0010010100001	1185
0010010100010	1186
0010010100011	1187
0010010101000	1192
0010010101001	1193
0010010110000	1200
0010010110001	1201
0010010110010	1202
0010010110011	1203
0010010111000	1208
0010010111001	1209
0010011000000	1216
0010011000001	1217
0010011000010	1218
0010011000011	1219
0010011001000	1224
0010011001001	1225
0010011010000	1232
0010011010001	1233
0010011010010	1234
0010011010011	1235
0010011011000	1240
0010011011001	1241
0010011100000	1248
0010011100001	1249
0010011100010	1250
0010011100011	1251
0010011101000	1256
0010011101001	1257
0010011110000	1264
0010011110001	1265
0010011110010	1266
0010011110011	1267
0010011111000	1272
0010011111001	1273
0110010000000	3200
0110010000001	3201
0110010000010	3202
0110010000011	3203
0110010001000	3208
0110010001001	3209
0110010010000	3216
0110010010001	3217
0110010010010	3218
0110010010011	3219
0110010011000	3224
0110010011001	3225
0110010100000	3232
0110010100001	3233
0110010100010	3234
0110010100011	3235
0110010101000	3240
0110010101001	3241
0110010110000	3248
0110010110001	3249
0110010110010	3250
0110010110011	3251
0110010111000	3256
0110010111001	3257
0110011000000	3264
0110011000001	3265
0110011000010	3266
0110011000011	3267
0110011001000	3272
0110011001001	3273
0110011010000	3280
0110011010001	3281
0110011010010	3282
0110011010011	3283
0110011011000	3288
0110011011001	3289
0110011100000	3296
0110011100001	3297
0110011100010	3298
0110011100011	3299
0110011101000	3304
0110011101001	3305
0110011110000	3312
0110011110001	3313
0110011110010	3314
0110011110011	3315
0110011111000	3320
0110011111001	3321
1010010000000	5248
1010010000001	5249
1010010000010	5250
1010010000011	5251
1010010001000	5256
1010010001001	5257
1010010010000	5264
1010010010001	5265
1010010010010	5266
1010010010011	5267
1010010011000	5272
1010010011001	5273
1010010100000	5280
1010010100001	5281
1010010100010	5282
1010010100011	5283
1010010101000	5288
1010010101001	5289
1010010110000	5296
1010010110001	5297
1010010110010	5298
1010010110011	5299
1010010111000	5304
1010010111001	5305
1010011000000	5312
1010011000001	5313
1010011000010	5314
1010011000011	5315
1010011001000	5320
1010011001001	5321
1010011010000	5328
1010011010001	5329
1010011010010	5330
1010011010011	5331
1010011011000	5336
1010011011001	5337
1010011100000	5344
1010011100001	5345
1010011100010	5346
1010011100011	5347
1010011101000	5352
1010011101001	5353
1010011110000	5360
1010011110001	5361
1010011110010	5362
1010011110011	5363
1010011111000	5368
1010011111001	5369
1110010000000	7296
1110010000001	7297
1110010000010	7298
1110010000011	7299
1110010001000	7304
1110010001001	7305
1110010010000	7312
1110010010001	7313
1110010010010	7314
1110010010011	7315
1110010011000	7320
1110010011001	7321
1110010100000	7328
1110010100001	7329
1110010100010	7330
1110010100011	7331
1110010101000	7336
1110010101001	7337
1110010110000	7344
1110010110001	7345
1110010110010	7346
1110010110011	7347
1110010111000	7352
1110010111001	7353
1110011000000	7360
1110011000001	7361
1110011000010	7362
1110011000011	7363
1110011001000	7368
1110011001001	7369
1110011010000	7376
1110011010001	7377
1110011010010	7378
1110011010011	7379
1110011011000	7384
1110011011001	7385
1110011100000	7392
1110011100001	7393
1110011100010	7394
1110011100011	7395
1110011101000	7400
1110011101001	7401
1110011110000	7408
1110011110001	7409
1110011110010	7410
1110011110011	7411
1110011111000	7416
1110011111001	7417
0010010000100	1156
0010010000101	1157
0010010000110	1158
0010010000111	1159
0010010001100	1164
0010010001101	1165
0010010010100	1172
0010010010101	1173
0010010010110	1174
0010010010111	1175
0010010011100	1180
0010010011101	1181
0010010100100	1188
0010010100101	1189
0010010100110	1190
0010010100111	1191
0010010101100	1196
0010010101101	1197
0010010110100	1204
0010010110101	1205
0010010110110	1206
0010010110111	1207
0010010111100	1212
0010010111101	1213
0010011000100	1220
0010011000101	1221
0010011000110	1222
0010011000111	1223
0010011001100	1228
0010011001101	1229
0010011010100	1236
0010011010101	1237
0010011010110	1238
0010011010111	1239
0010011011100	1244
0010011011101	1245
0010011100100	1252
0010011100101	1253
0010011100110	1254
0010011100111	1255
0010011101100	1260
0010011101101	1261
0010011110100	1268
0010011110101	1269
0010011110110	1270
0010011110111	1271
0010011111100	1276
0010011111101	1277
0110010000100	3204
0110010000101	3205
0110010000110	3206
0110010000111	3207
0110010001100	3212
0110010001101	3213
0110010010100	3220
0110010010101	3221
0110010010110	3222
0110010010111	3223
0110010011100	3228
0110010011101	3229
0110010100100	3236
0110010100101	3237
0110010100110	3238
0110010100111	3239
0110010101100	3244
0110010101101	3245
0110010110100	3252
0110010110101	3253
0110010110110	3254
0110010110111	3255
0110010111100	3260
0110010111101	3261
0110011000100	3268
0110011000101	3269
0110011000110	3270
0110011000111	3271
0110011001100	3276
0110011001101	3277
0110011010100	3284
0110011010101	3285
0110011010110	3286
0110011010111	3287
0110011011100	3292
0110011011101	3293
0110011100100	3300
0110011100101	3301
0110011100110	3302
0110011100111	3303
0110011101100	3308
0110011101101	3309
0110011110100	3316
0110011110101	3317
0110011110110	3318
0110011110111	3319
0110011111100	3324
0110011111101	3325
1010010000100	5252
1010010000101	5253
1010010000110	5254
1010010000111	5255
1010010001100	5260
1010010001101	5261
1010010010100	5268
1010010010101	5269
1010010010110	5270
1010010010111	5271
1010010011100	5276
1010010011101	5277
1010010100100	5284
1010010100101	5285
1010010100110	5286
1010010100111	5287
1010010101100	5292
1010010101101	5293
1010010110100	5300
1010010110101	5301
1010010110110	5302
1010010110111	5303
1010010111100	5308
1010010111101	5309
1010011000100	5316
1010011000101	5317
1010011000110	5318
1010011000111	5319
1010011001100	5324
1010011001101	5325
1010011010100	5332
1010011010101	5333
1010011010110	5334
1010011010111	5335
1010011011100	5340
1010011011101	5341
1010011100100	5348
1010011100101	5349
1010011100110	5350
1010011100111	5351
1010011101100	5356
1010011101101	5357
1010011110100	5364
1010011110101	5365
1010011110110	5366
1010011110111	5367
1010011111100	5372
1010011111101	5373
1110010000100	7300
1110010000101	7301
1110010000110	7302
1110010000111	7303
1110010001100	7308
1110010001101	7309
1110010010100	7316
1110010010101	7317
1110010010110	7318
1110010010111	7319
1110010011100	7324
1110010011101	7325
1110010100100	7332
1110010100101	7333
1110010100110	7334
1110010100111	7335
1110010101100	7340
1110010101101	7341
1110010110100	7348
1110010110101	7349
1110010110110	7350
1110010110111	7351
1110010111100	7356
1110010111101	7357
1110011000100	7364
1110011000101	7365
1110011000110	7366
1110011000111	7367
1110011001100	7372
1110011001101	7373
1110011010100	7380
1110011010101	7381
1110011010110	7382
1110011010111	7383
1110011011100	7388
1110011011101	7389
1110011100100	7396
1110011100101	7397
1110011100110	7398
1110011100111	7399
1110011101100	7404
1110011101101	7405
1110011110100	7412
1110011110101	7413
1110011110110	7414
1110011110111	7415
1110011111100	7420
1110011111101	7421
0000000000100	4
0000000000101	5
0000000000110	6
0000000000111	7
0000000001100	12
0000000001101	13
0000000100100	36
0000000100101	37
0000000100110	38
0000000100111	39
0000000101100	44
0000000101101	45
0000001000100	68
0000001000101	69
0000001000110	70
0000001000111	71
0000001001100	76
0000001001101	77
0000001100100	100
0000001100101	101
0000001100110	102
0000001100111	103
0000001101100	108
0000001101101	109
0001000000100	516
0001000000101	517
0001000000110	518
0001000000111	519
0001000001100	524
0001000001101	525
0001000100100	548
0001000100101	549
0001000100110	550
0001000100111	551
0001000101100	556
0001000101101	557
0001001000100	580
0001001000101	581
0001001000110	582
0001001000111	583
0001001001100	588
0001001001101	589
0001001100100	612
0001001100101	613
0001001100110	614
0001001100111	615
0001001101100	620
0001001101101	621
0001100000100	772
0001100000101	773
0001100000110	774
0001100000111	775
0001100001100	780
0001100001101	781
0001100100100	804
0001100100101	805
0001100100110	806
0001100100111	807
0001100101100	812
0001100101101	813
0001101000100	836
0001101000101	837
0001101000110	838
0001101000111	839
0001101001100	844
0001101001101	845
0001101100100	868
0001101100101	869
0001101100110	870
0001101100111	871
0001101101100	876
0001101101101	877
0100000000100	2052
0100000000101	2053
0100000000110	2054
0100000000111	2055
0100000001100	2060
0100000001101	2061
0100000100100	2084
0100000100101	2085
0100000100110	2086
0100000100111	2087
0100000101100	2092
0100000101101	2093
0100001000100	2116
0100001000101	2117
0100001000110	2118
0100001000111	2119
0100001001100	2124
0100001001101	2125
0100001100100	2148
0100001100101	2149
0100001100110	2150
0100001100111	2151
0100001101100	2156
0100001101101	2157
0101000000100	2564
0101000000101	2565
0101000000110	2566
0101000000111	2567
0101000001100	2572
0101000001101	2573
0101000100100	2596
0101000100101	2597
0101000100110	2598
0101000100111	2599
0101000101100	2604
0101000101101	2605
0101001000100	2628
0101001000101	2629
0101001000110	2630
0101001000111	2631
0101001001100	2636
0101001001101	2637
0101001100100	2660
0101001100101	2661
0101001100110	2662
0101001100111	2663
0101001101100	2668
0101001101101	2669
0101100000100	2820
0101100000101	2821
0101100000110	2822
0101100000111	2823
0101100001100	2828
0101100001101	2829
0101100100100	2852
0101100100101	2853
0101100100110	2854
0101100100111	2855
0101100101100	2860
0101100101101	2861
0101101000100	2884
0101101000101	2885
0101101000110	2886
0101101000111	2887
0101101001100	2892
0101101001101	2893
0101101100100	2916
0101101100101	2917
0101101100110	2918
0101101100111	2919
0101101101100	2924
0101101101101	2925
1000000000100	4100
1000000000101	4101
1000000000110	4102
1000000000111	4103
1000000001100	4108
1000000001101	4109
1000000100100	4132
1000000100101	4133
1000000100110	4134
1000000100111	4135
1000000101100	4140
1000000101101	4141
1000001000100	4164
1000001000101	4165
1000001000110	4166
1000001000111	4167
1000001001100	4172
1000001001101	4173
1000001100100	4196
1000001100101	4197
1000001100110	4198
1000001100111	4199
1000001101100	4204
1000001101101	4205
1001000000100	4612
1001000000101	4613
1001000000110	4614
1001000000111	4615
1001000001100	4620
1001000001101	4621
1001000100100	4644
1001000100101	4645
1001000100110	4646
1001000100111	4647
1001000101100	4652
1001000101101	4653
1001001000100	4676
1001001000101	4677
1001001000110	4678
1001001000111	4679
1001001001100	4684
1001001001101	4685
1001001100100	4708
1001001100101	4709
1001001100110	4710
1001001100111	4711
1001001101100	4716
1001001101101	4717
1001100000100	4868
1001100000101	4869
1001100000110	4870
1001100000111	4871
1001100001100	4876
1001100001101	4877
1001100100100	4900
1001100100101	4901
1001100100110	4902
1001100100111	4903
1001100101100	4908
1001100101101	4909
1001101000100	4932
1001101000101	4933
1001101000110	4934
1001101000111	4935
1001101001100	4940
1001101001101	4941
1001101100100	4964
1001101100101	4965
1001101100110	4966
1001101100111	4967
1001101101100	4972
1001101101101	4973
1100000000100	6148
1100000000101	6149
1100000000110	6150
1100000000111	6151
1100000001100	6156
1100000001101	6157
1100000100100	6180
1100000100101	6181
1100000100110	6182
1100000100111	6183
1100000101100	6188
1100000101101	6189
1100001000100	6212
1100001000101	6213
1100001000110	6214
1100001000111	6215
1100001001100	6220
1100001001101	6221
1100001100100	6244
1100001100101	6245
1100001100110	6246
1100001100111	6247
1100001101100	6252
1100001101101	6253
1101000000100	6660
1101000000101	6661
1101000000110	6662
1101000000111	6663
1101000001100	6668
1101000001101	6669
1101000100100	6692
1101000100101	6693
1101000100110	6694
1101000100111	6695
1101000101100	6700
1101000101101	6701
1101001000100	6724
1101001000101	6725
1101001000110	6726
1101001000111	6727
1101001001100	6732
1101001001101	6733
1101001100100	6756
1101001100101	6757
1101001100110	6758
1101001100111	6759
1101001101100	6764
1101001101101	6765
1101100000100	6916
1101100000101	6917
1101100000110	6918
1101100000111	6919
1101100001100	6924
1101100001101	6925
1101100100100	6948
1101100100101	6949
1101100100110	6950
1101100100111	6951
1101100101100	6956
1101100101101	6957
1101101000100	6980
1101101000101	6981
1101101000110	6982
1101101000111	6983
1101101001100	6988
1101101001101	6989
1101101100100	7012
1101101100101	7013
1101101100110	7014
1101101100111	7015
1101101101100	7020
1101101101101	7021
0000000000000	0
0000000000001	1
0000000000010	2
0000000000011	3
0000000001000	8
0000000001001	9
0000000100000	32
0000000100001	33
0000000100010	34
0000000100011	35
0000000101000	40
0000000101001	41
0000001000000	64
0000001000001	65
0000001000010	66
0000001000011	67
0000001001000	72
0000001001001	73
0000001100000	96
0000001100001	97
0000001100010	98
0000001100011	99
0000001101000	104
0000001101001	105
0001000000000	512
0001000000001	513
0001000000010	514
0001000000011	515
0001000001000	520
0001000001001	521
0001000100000	544
0001000100001	545
0001000100010	546
0001000100011	547
0001000101000	552
0001000101001	553
0001001000000	576
0001001000001	577
0001001000010	578
0001001000011	579
0001001001000	584
0001001001001	585
0001001100000	608
0001001100001	609
0001001100010	610
0001001100011	611
0001001101000	616
0001001101001	617
0001100000000	768
0001100000001	769
0001100000010	770
0001100000011	771
0001100001000	776
0001100001001	777
0001100100000	800
0001100100001	801
0001100100010	802
0001100100011	803
0001100101000	808
0001100101001	809
0001101000000	832
0001101000001	833
0001101000010	834
0001101000011	835
0001101001000	840
0001101001001	841
0001101100000	864
0001101100001	865
0001101100010	866
0001101100011	867
0001101101000	872
0001101101001	873
0100000000000	2048
0100000000001	2049
0100000000010	2050
0100000000011	2051
0100000001000	2056
0100000001001	2057
0100000100000	2080
0100000100001	2081
0100000100010	2082
0100000100011	2083
0100000101000	2088
0100000101001	2089
0100001000000	2112
0100001000001	2113
0100001000010	2114
0100001000011	2115
0100001001000	2120
0100001001001	2121
0100001100000	2144
0100001100001	2145
0100001100010	2146
0100001100011	2147
0100001101000	2152
0100001101001	2153
0101000000000	2560
0101000000001	2561
0101000000010	2562
0101000000011	2563
0101000001000	2568
0101000001001	2569
0101000100000	2592
0101000100001	2593
0101000100010	2594
0101000100011	2595
0101000101000	2600
0101000101001	2601
0101001000000	2624
0101001000001	2625
0101001000010	2626
0101001000011	2627
0101001001000	2632
0101001001001	2633
0101001100000	2656
0101001100001	2657
0101001100010	2658
0101001100011	2659
0101001101000	2664
0101001101001	2665
0101100000000	2816
0101100000001	2817
0101100000010	2818
0101100000011	2819
0101100001000	2824
0101100001001	2825
0101100100000	2848
0101100100001	2849
0101100100010	2850
0101100100011	2851
0101100101000	2856
0101100101001	2857
0101101000000	2880
0101101000001	2881
0101101000010	2882
0101101000011	2883
0101101001000	2888
0101101001001	2889
0101101100000	2912
0101101100001	2913
0101101100010	2914
0101101100011	2915
0101101101000	2920
0101101101001	2921
1000000000000	4096
1000000000001	4097
1000000000010	4098
1000000000011	4099
1000000001000	4104
1000000001001	4105
1000000100000	4128
1000000100001	4129
1000000100010	4130
1000000100011	4131
1000000101000	4136
1000000101001	4137
1000001000000	4160
1000001000001	4161
1000001000010	4162
1000001000011	4163
1000001001000	4168
1000001001001	4169
1000001100000	4192
1000001100001	4193
1000001100010	4194
1000001100011	4195
1000001101000	4200
1000001101001	4201
1001000000000	4608
1001000000001	4609
1001000000010	4610
1001000000011	4611
1001000001000	4616
1001000001001	4617
1001000100000	4640
1001000100001	4641
1001000100010	4642
1001000100011	4643
1001000101000	4648
1001000101001	4649
1001001000000	4672
1001001000001	4673
1001001000010	4674
1001001000011	4675
1001001001000	4680
1001001001001	4681
1001001100000	4704
1001001100001	4705
1001001100010	4706
1001001100011	4707
1001001101000	4712
1001001101001	4713
1001100000000	4864
1001100000001	4865
1001100000010	4866
1001100000011	4867
1001100001000	4872
1001100001001	4873
1001100100000	4896
1001100100001	4897
1001100100010	4898
1001100100011	4899
1001100101000	4904
1001100101001	4905
1001101000000	4928
1001101000001	4929
1001101000010	4930
1001101000011	4931
1001101001000	4936
1001101001001	4937
1001101100000	4960
1001101100001	4961
1001101100010	4962
1001101100011	4963
1001101101000	4968
1001101101001	4969
1100000000000	6144
1100000000001	6145
1100000000010	6146
1100000000011	6147
1100000001000	6152
1100000001001	6153
1100000100000	6176
1100000100001	6177
1100000100010	6178
1100000100011	6179
1100000101000	6184
1100000101001	6185
1100001000000	6208
1100001000001	6209
1100001000010	6210
1100001000011	6211
1100001001000	6216
1100001001001	6217
1100001100000	6240
1100001100001	6241
1100001100010	6242
1100001100011	6243
1100001101000	6248
1100001101001	6249
1101000000000	6656
1101000000001	6657
1101000000010	6658
1101000000011	6659
1101000001000	6664
1101000001001	6665
1101000100000	6688
1101000100001	6689
1101000100010	6690
1101000100011	6691
1101000101000	6696
1101000101001	6697
1101001000000	6720
1101001000001	6721
1101001000010	6722
1101001000011	6723
1101001001000	6728
1101001001001	6729
1101001100000	6752
1101001100001	6753
1101001100010	6754
1101001100011	6755
1101001101000	6760
1101001101001	6761
1101100000000	6912
1101100000001	6913
1101100000010	6914
1101100000011	6915
1101100001000	6920
1101100001001	6921
1101100100000	6944
1101100100001	6945
1101100100010	6946
1101100100011	6947
1101100101000	6952
1101100101001	6953
1101101000000	6976
1101101000001	6977
1101101000010	6978
1101101000011	6979
1101101001000	6984
1101101001001	6985
1101101100000	7008
1101101100001	7009
1101101100010	7010
1101101100011	7011
1101101101000	7016
1101101101001	7017
0010000000000	1024
0010000000001	1025
0010000000010	1026
0010000000011	1027
0010000001000	1032
0010000001001	1033
0010000100000	1056
0010000100001	1057
0010000100010	1058
0010000100011	1059
0010000101000	1064
0010000101001	1065
0010001000000	1088
0010001000001	1089
0010001000010	1090
0010001000011	1091
0010001001000	1096
0010001001001	1097
0010001100000	1120
0010001100001	1121
0010001100010	1122
0010001100011	1123
0010001101000	1128
0010001101001	1129
0011000000000	1536
0011000000001	1537
0011000000010	1538
0011000000011	1539
0011000001000	1544
0011000001001	1545
0011000100000	1568
0011000100001	1569
0011000100010	1570
0011000100011	1571
0011000101000	1576
0011000101001	1577
0011001000000	1600
0011001000001	1601
0011001000010	1602
0011001000011	1603
0011001001000	1608
0011001001001	1609
0011001100000	1632
0011001100001	1633
0011001100010	1634
0011001100011	1635
0011001101000	1640
0011001101001	1641
0011100000000	1792
0011100000001	1793
0011100000010	1794
0011100000011	1795
0011100001000	1800
0011100001001	1801
0011100100000	1824
0011100100001	1825
0011100100010	1826
0011100100011	1827
0011100101000	1832
0011100101001	1833
0011101000000	1856
0011101000001	1857
0011101000010	1858
0011101000011	1859
0011101001000	1864
0011101001001	1865
0011101100000	1888
0011101100001	1889
0011101100010	1890
0011101100011	1891
0011101101000	1896
0011101101001	1897
0110000000000	3072
0110000000001	3073
0110000000010	3074
0110000000011	3075
0110000001000	3080
0110000001001	3081
0110000100000	3104
0110000100001	3105
0110000100010	3106
0110000100011	3107
0110000101000	3112
0110000101001	3113
0110001000000	3136
0110001000001	3137
0110001000010	3138
0110001000011	3139
0110001001000	3144
0110001001001	3145
0110001100000	3168
0110001100001	3169
0110001100010	3170
0110001100011	3171
0110001101000	3176
0110001101001	3177
0111000000000	3584
0111000000001	3585
0111000000010	3586
0111000000011	3587
0111000001000	3592
0111000001001	3593
0111000100000	3616
0111000100001	3617
0111000100010	3618
0111000100011	3619
0111000101000	3624
0111000101001	3625
0111001000000	3648
0111001000001	3649
0111001000010	3650
0111001000011	3651
0111001001000	3656
0111001001001	3657
0111001100000	3680
0111001100001	3681
0111001100010	3682
0111001100011	3683
0111001101000	3688
0111001101001	3689
0111100000000	3840
0111100000001	3841
0111100000010	3842
0111100000011	3843
0111100001000	3848
0111100001001	3849
0111100100000	3872
0111100100001	3873
0111100100010	3874
0111100100011	3875
0111100101000	3880
0111100101001	3881
0111101000000	3904
0111101000001	3905
0111101000010	3906
0111101000011	3907
0111101001000	3912
0111101001001	3913
0111101100000	3936
0111101100001	3937
0111101100010	3938
0111101100011	3939
0111101101000	3944
0111101101001	3945
1010000000000	5120
1010000000001	5121
1010000000010	5122
1010000000011	5123
1010000001000	5128
1010000001001	5129
1010000100000	5152
1010000100001	5153
1010000100010	5154
1010000100011	5155
1010000101000	5160
1010000101001	5161
1010001000000	5184
1010001000001	5185
1010001000010	5186
1010001000011	5187
1010001001000	5192
1010001001001	5193
1010001100000	5216
1010001100001	5217
1010001100010	5218
1010001100011	5219
1010001101000	5224
1010001101001	5225
1011000000000	5632
1011000000001	5633
1011000000010	5634
1011000000011	5635
1011000001000	5640
1011000001001	5641
1011000100000	5664
1011000100001	5665
1011000100010	5666
1011000100011	5667
1011000101000	5672
1011000101001	5673
1011001000000	5696
1011001000001	5697
1011001000010	5698
1011001000011	5699
1011001001000	5704
1011001001001	5705
1011001100000	5728
1011001100001	5729
1011001100010	5730
1011001100011	5731
1011001101000	5736
1011001101001	5737
1011100000000	5888
1011100000001	5889
1011100000010	5890
1011100000011	5891
1011100001000	5896
1011100001001	5897
1011100100000	5920
1011100100001	5921
1011100100010	5922
1011100100011	5923
1011100101000	5928
1011100101001	5929
1011101000000	5952
1011101000001	5953
1011101000010	5954
1011101000011	5955
1011101001000	5960
1011101001001	5961
1011101100000	5984
1011101100001	5985
1011101100010	5986
1011101100011	5987
1011101101000	5992
1011101101001	5993
1110000000000	7168
1110000000001	7169
1110000000010	7170
1110000000011	7171
1110000001000	7176
1110000001001	7177
1110000100000	7200
1110000100001	7201
1110000100010	7202
1110000100011	7203
1110000101000	7208
1110000101001	7209
1110001000000	7232
1110001000001	7233
1110001000010	7234
1110001000011	7235
1110001001000	7240
1110001001001	7241
1110001100000	7264
1110001100001	7265
1110001100010	7266
1110001100011	7267
1110001101000	7272
1110001101001	7273
1111000000000	7680
1111000000001	7681
1111000000010	7682
1111000000011	7683
1111000001000	7688
1111000001001	7689
1111000100000	7712
1111000100001	7713
1111000100010	7714
1111000100011	7715
1111000101000	7720
1111000101001	7721
1111001000000	7744
1111001000001	7745
1111001000010	7746
1111001000011	7747
1111001001000	7752
1111001001001	7753
1111001100000	7776
1111001100001	7777
1111001100010	7778
1111001100011	7779
1111001101000	7784
1111001101001	7785
1111100000000	7936
1111100000001	7937
1111100000010	7938
1111100000011	7939
1111100001000	7944
1111100001001	7945
1111100100000	7968
1111100100001	7969
1111100100010	7970
1111100100011	7971
1111100101000	7976
1111100101001	7977
1111101000000	8000
1111101000001	8001
1111101000010	8002
1111101000011	8003
1111101001000	8008
1111101001001	8009
1111101100000	8032
1111101100001	8033
1111101100010	8034
1111101100011	8035
1111101101000	8040
1111101101001	8041
0010000000100	1028
0010000000101	1029
0010000000110	1030
0010000000111	1031
0010000001100	1036
0010000001101	1037
0010000100100	1060
0010000100101	1061
0010000100110	1062
0010000100111	1063
0010000101100	1068
0010000101101	1069
0010001000100	1092
0010001000101	1093
0010001000110	1094
0010001000111	1095
0010001001100	1100
0010001001101	1101
0010001100100	1124
0010001100101	1125
0010001100110	1126
0010001100111	1127
0010001101100	1132
0010001101101	1133
0011000000100	1540
0011000000101	1541
0011000000110	1542
0011000000111	1543
0011000001100	1548
0011000001101	1549
0011000100100	1572
0011000100101	1573
0011000100110	1574
0011000100111	1575
0011000101100	1580
0011000101101	1581
0011001000100	1604
0011001000101	1605
0011001000110	1606
0011001000111	1607
0011001001100	1612
0011001001101	1613
0011001100100	1636
0011001100101	1637
0011001100110	1638
0011001100111	1639
0011001101100	1644
0011001101101	1645
0011100000100	1796
0011100000101	1797
0011100000110	1798
0011100000111	1799
0011100001100	1804
0011100001101	1805
0011100100100	1828
0011100100101	1829
0011100100110	1830
0011100100111	1831
0011100101100	1836
0011100101101	1837
0011101000100	1860
0011101000101	1861
0011101000110	1862
0011101000111	1863
0011101001100	1868
0011101001101	1869
0011101100100	1892
0011101100101	1893
0011101100110	1894
0011101100111	1895
0011101101100	1900
0011101101101	1901
0110000000100	3076
0110000000101	3077
0110000000110	3078
0110000000111	3079
0110000001100	3084
0110000001101	3085
0110000100100	3108
0110000100101	3109
0110000100110	3110
0110000100111	3111
0110000101100	3116
0110000101101	3117
0110001000100	3140
0110001000101	3141
0110001000110	3142
0110001000111	3143
0110001001100	3148
0110001001101	3149
0110001100100	3172
0110001100101	3173
0110001100110	3174
0110001100111	3175
0110001101100	3180
0110001101101	3181
0111000000100	3588
0111000000101	3589
0111000000110	3590
0111000000111	3591
0111000001100	3596
0111000001101	3597
0111000100100	3620
0111000100101	3621
0111000100110	3622
0111000100111	3623
0111000101100	3628
0111000101101	3629
0111001000100	3652
0111001000101	3653
0111001000110	3654
0111001000111	3655
0111001001100	3660
0111001001101	3661
0111001100100	3684
0111001100101	3685
0111001100110	3686
0111001100111	3687
0111001101100	3692
0111001101101	3693
0111100000100	3844
0111100000101	3845
0111100000110	3846
0111100000111	3847
0111100001100	3852
0111100001101	3853
0111100100100	3876
0111100100101	3877
0111100100110	3878
0111100100111	3879
0111100101100	3884
0111100101101	3885
0111101000100	3908
0111101000101	3909
0111101000110	3910
0111101000111	3911
0111101001100	3916
0111101001101	3917
0111101100100	3940
0111101100101	3941
0111101100110	3942
0111101100111	3943
0111101101100	3948
0111101101101	3949
1010000000100	5124
1010000000101	5125
1010000000110	5126
1010000000111	5127
1010000001100	5132
1010000001101	5133
1010000100100	5156
1010000100101	5157
1010000100110	5158
1010000100111	5159
1010000101100	5164
1010000101101	5165
1010001000100	5188
1010001000101	5189
1010001000110	5190
1010001000111	5191
1010001001100	5196
1010001001101	5197
1010001100100	5220
1010001100101	5221
1010001100110	5222
1010001100111	5223
1010001101100	5228
1010001101101	5229
1011000000100	5636
1011000000101	5637
1011000000110	5638
1011000000111	5639
1011000001100	5644
1011000001101	5645
1011000100100	5668
1011000100101	5669
1011000100110	5670
1011000100111	5671
1011000101100	5676
1011000101101	5677
1011001000100	5700
1011001000101	5701
1011001000110	5702
1011001000111	5703
1011001001100	5708
1011001001101	5709
1011001100100	5732
1011001100101	5733
1011001100110	5734
1011001100111	5735
1011001101100	5740
1011001101101	5741
1011100000100	5892
1011100000101	5893
1011100000110	5894
1011100000111	5895
1011100001100	5900
1011100001101	5901
1011100100100	5924
1011100100101	5925
1011100100110	5926
1011100100111	5927
1011100101100	5932
1011100101101	5933
1011101000100	5956
1011101000101	5957
1011101000110	5958
1011101000111	5959
1011101001100	5964
1011101001101	5965
1011101100100	5988
1011101100101	5989
1011101100110	5990
1011101100111	5991
1011101101100	5996
1011101101101	5997
1110000000100	7172
1110000000101	7173
1110000000110	7174
1110000000111	7175
1110000001100	7180
1110000001101	7181
1110000100100	7204
1110000100101	7205
1110000100110	7206
1110000100111	7207
1110000101100	7212
1110000101101	7213
1110001000100	7236
1110001000101	7237
1110001000110	7238
1110001000111	7239
1110001001100	7244
1110001001101	7245
1110001100100	7268
1110001100101	7269
1110001100110	7270
1110001100111	7271
1110001101100	7276
1110001101101	7277
1111000000100	7684
1111000000101	7685
1111000000110	7686
1111000000111	7687
1111000001100	7692
1111000001101	7693
1111000100100	7716
1111000100101	7717
1111000100110	7718
1111000100111	7719
1111000101100	7724
1111000101101	7725
1111001000100	7748
1111001000101	7749
1111001000110	7750
1111001000111	7751
1111001001100	7756
1111001001101	7757
1111001100100	7780
1111001100101	7781
1111001100110	7782
1111001100111	7783
1111001101100	7788
1111001101101	7789
1111100000100	7940
1111100000101	7941
1111100000110	7942
1111100000111	7943
1111100001100	7948
1111100001101	7949
1111100100100	7972
1111100100101	7973
1111100100110	7974
1111100100111	7975
1111100101100	7980
1111100101101	7981
1111101000100	8004
1111101000101	8005
1111101000110	8006
1111101000111	8007
1111101001100	8012
1111101001101	8013
1111101100100	8036
1111101100101	8037
1111101100110	8038
1111101100111	8039
1111101101100	8044
1111101101101	8045
0000000010100	20
0000000010101	21
0000000010110	22
0000000010111	23
0000000011100	28
0000000011101	29
0000000110100	52
0000000110101	53
0000000110110	54
0000000110111	55
0000000111100	60
0000000111101	61
0000001010100	84
0000001010101	85
0000001010110	86
0000001010111	87
0000001011100	92
0000001011101	93
0000001110100	116
0000001110101	117
0000001110110	118
0000001110111	119
0000001111100	124
0000001111101	125
0001000010100	532
0001000010101	533
0001000010110	534
0001000010111	535
0001000011100	540
0001000011101	541
0001000110100	564
0001000110101	565
0001000110110	566
0001000110111	567
0001000111100	572
0001000111101	573
0001001010100	596
0001001010101	597
0001001010110	598
0001001010111	599
0001001011100	604
0001001011101	605
0001001110100	628
0001001110101	629
0001001110110	630
0001001110111	631
0001001111100	636
0001001111101	637
0001100010100	788
0001100010101	789
0001100010110	790
0001100010111	791
0001100011100	796
0001100011101	797
0001100110100	820
0001100110101	821
0001100110110	822
0001100110111	823
0001100111100	828
0001100111101	829
0001101010100	852
0001101010101	853
0001101010110	854
0001101010111	855
0001101011100	860
0001101011101	861
0001101110100	884
0001101110101	885
0001101110110	886
0001101110111	887
0001101111100	892
0001101111101	893
0100000010100	2068
0100000010101	2069
0100000010110	2070
0100000010111	2071
0100000011100	2076
0100000011101	2077
0100000110100	2100
0100000110101	2101
0100000110110	2102
0100000110111	2103
0100000111100	2108
0100000111101	2109
0100001010100	2132
0100001010101	2133
0100001010110	2134
0100001010111	2135
0100001011100	2140
0100001011101	2141
0100001110100	2164
0100001110101	2165
0100001110110	2166
0100001110111	2167
0100001111100	2172
0100001111101	2173
0101000010100	2580
0101000010101	2581
0101000010110	2582
0101000010111	2583
0101000011100	2588
0101000011101	2589
0101000110100	2612
0101000110101	2613
0101000110110	2614
0101000110111	2615
0101000111100	2620
0101000111101	2621
0101001010100	2644
0101001010101	2645
0101001010110	2646
0101001010111	2647
0101001011100	2652
0101001011101	2653
0101001110100	2676
0101001110101	2677
0101001110110	2678
0101001110111	2679
0101001111100	2684
0101001111101	2685
0101100010100	2836
0101100010101	2837
0101100010110	2838
0101100010111	2839
0101100011100	2844
0101100011101	2845
0101100110100	2868
0101100110101	2869
0101100110110	2870
0101100110111	2871
0101100111100	2876
0101100111101	2877
0101101010100	2900
0101101010101	2901
0101101010110	2902
0101101010111	2903
0101101011100	2908
0101101011101	2909
0101101110100	2932
0101101110101	2933
0101101110110	2934
0101101110111	2935
0101101111100	2940
0101101111101	2941
1000000010100	4116
1000000010101	4117
1000000010110	4118
1000000010111	4119
1000000011100	4124
1000000011101	4125
1000000110100	4148
1000000110101	4149
1000000110110	4150
1000000110111	4151
1000000111100	4156
1000000111101	4157
1000001010100	4180
1000001010101	4181
1000001010110	4182
1000001010111	4183
1000001011100	4188
1000001011101	4189
1000001110100	4212
1000001110101	4213
1000001110110	4214
1000001110111	4215
1000001111100	4220
1000001111101	4221
1001000010100	4628
1001000010101	4629
1001000010110	4630
1001000010111	4631
1001000011100	4636
1001000011101	4637
1001000110100	4660
1001000110101	4661
1001000110110	4662
1001000110111	4663
1001000111100	4668
1001000111101	4669
1001001010100	4692
1001001010101	4693
1001001010110	4694
1001001010111	4695
1001001011100	4700
1001001011101	4701
1001001110100	4724
1001001110101	4725
1001001110110	4726
1001001110111	4727
1001001111100	4732
1001001111101	4733
1001100010100	4884
1001100010101	4885
1001100010110	4886
1001100010111	4887
1001100011100	4892
1001100011101	4893
1001100110100	4916
1001100110101	4917
1001100110110	4918
1001100110111	4919
1001100111100	4924
1001100111101	4925
1001101010100	4948
1001101010101	4949
1001101010110	4950
1001101010111	4951
1001101011100	4956
1001101011101	4957
1001101110100	4980
1001101110101	4981
1001101110110	4982
1001101110111	4983
1001101111100	4988
1001101111101	4989
1100000010100	6164
1100000010101	6165
1100000010110	6166
1100000010111	6167
1100000011100	6172
1100000011101	6173
1100000110100	6196
1100000110101	6197
1100000110110	6198
1100000110111	6199
1100000111100	6204
1100000111101	6205
1100001010100	6228
1100001010101	6229
1100001010110	6230
1100001010111	6231
1100001011100	6236
1100001011101	6237
1100001110100	6260
1100001110101	6261
1100001110110	6262
1100001110111	6263
1100001111100	6268
1100001111101	6269
1101000010100	6676
1101000010101	6677
1101000010110	6678
1101000010111	6679
1101000011100	6684
1101000011101	6685
1101000110100	6708
1101000110101	6709
1101000110110	6710
1101000110111	6711
1101000111100	6716
1101000111101	6717
1101001010100	6740
1101001010101	6741
1101001010110	6742
1101001010111	6743
1101001011100	6748
1101001011101	6749
1101001110100	6772
1101001110101	6773
1101001110110	6774
1101001110111	6775
1101001111100	6780
1101001111101	6781
1101100010100	6932
1101100010101	6933
1101100010110	6934
1101100010111	6935
1101100011100	6940
1101100011101	6941
1101100110100	6964
1101100110101	6965
1101100110110	6966
1101100110111	6967
1101100111100	6972
1101100111101	6973
1101101010100	6996
1101101010101	6997
1101101010110	6998
1101101010111	6999
1101101011100	7004
1101101011101	7005
1101101110100	7028
1101101110101	7029
1101101110110	7030
1101101110111	7031
1101101111100	7036
1101101111101	7037
0000000010000	16
0000000010001	17
0000000010010	18
0000000010011	19
0000000011000	24
0000000011001	25
0000000110000	48
0000000110001	49
0000000110010	50
0000000110011	51
0000000111000	56
0000000111001	57
0000001010000	80
0000001010001	81
0000001010010	82
0000001010011	83
0000001011000	88
0000001011001	89
0000001110000	112
0000001110001	113
0000001110010	114
0000001110011	115
0000001111000	120
0000001111001	121
0001000010000	528
0001000010001	529
0001000010010	530
0001000010011	531
0001000011000	536
0001000011001	537
0001000110000	560
0001000110001	561
0001000110010	562
0001000110011	563
0001000111000	568
0001000111001	569
0001001010000	592
0001001010001	593
0001001010010	594
0001001010011	595
0001001011000	600
0001001011001	601
0001001110000	624
0001001110001	625
0001001110010	626
0001001110011	627
0001001111000	632
0001001111001	633
0001100010000	784
0001100010001	785
0001100010010	786
0001100010011	787
0001100011000	792
0001100011001	793
0001100110000	816
0001100110001	817
0001100110010	818
0001100110011	819
0001100111000	824
0001100111001	825
0001101010000	848
0001101010001	849
0001101010010	850
0001101010011	851
0001101011000	856
0001101011001	857
0001101110000	880
0001101110001	881
0001101110010	882
0001101110011	883
0001101111000	888
0001101111001	889
0100000010000	2064
0100000010001	2065
0100000010010	2066
0100000010011	2067
0100000011000	2072
0100000011001	2073
0100000110000	2096
0100000110001	2097
0100000110010	2098
0100000110011	2099
0100000111000	2104
0100000111001	2105
0100001010000	2128
0100001010001	2129
0100001010010	2130
0100001010011	2131
0100001011000	2136
0100001011001	2137
0100001110000	2160
0100001110001	2161
0100001110010	2162
0100001110011	2163
0100001111000	2168
0100001111001	2169
0101000010000	2576
0101000010001	2577
0101000010010	2578
0101000010011	2579
0101000011000	2584
0101000011001	2585
0101000110000	2608
0101000110001	2609
0101000110010	2610
0101000110011	2611
0101000111000	2616
0101000111001	2617
0101001010000	2640
0101001010001	2641
0101001010010	2642
0101001010011	2643
0101001011000	2648
0101001011001	2649
0101001110000	2672
0101001110001	2673
0101001110010	2674
0101001110011	2675
0101001111000	2680
0101001111001	2681
0101100010000	2832
0101100010001	2833
0101100010010	2834
0101100010011	2835
0101100011000	2840
0101100011001	2841
0101100110000	2864
0101100110001	2865
0101100110010	2866
0101100110011	2867
0101100111000	2872
0101100111001	2873
0101101010000	2896
0101101010001	2897
0101101010010	2898
0101101010011	2899
0101101011000	2904
0101101011001	2905
0101101110000	2928
0101101110001	2929
0101101110010	2930
0101101110011	2931
0101101111000	2936
0101101111001	2937
1000000010000	4112
1000000010001	4113
1000000010010	4114
1000000010011	4115
1000000011000	4120
1000000011001	4121
1000000110000	4144
1000000110001	4145
1000000110010	4146
1000000110011	4147
1000000111000	4152
1000000111001	4153
1000001010000	4176
1000001010001	4177
1000001010010	4178
1000001010011	4179
1000001011000	4184
1000001011001	4185
1000001110000	4208
1000001110001	4209
1000001110010	4210
1000001110011	4211
1000001111000	4216
1000001111001	4217
1001000010000	4624
1001000010001	4625
1001000010010	4626
1001000010011	4627
1001000011000	4632
1001000011001	4633
1001000110000	4656
1001000110001	4657
1001000110010	4658
1001000110011	4659
1001000111000	4664
1001000111001	4665
1001001010000	4688
1001001010001	4689
1001001010010	4690
1001001010011	4691
1001001011000	4696
1001001011001	4697
1001001110000	4720
1001001110001	4721
1001001110010	4722
1001001110011	4723
1001001111000	4728
1001001111001	4729
1001100010000	4880
1001100010001	4881
1001100010010	4882
1001100010011	4883
1001100011000	4888
1001100011001	4889
1001100110000	4912
1001100110001	4913
1001100110010	4914
1001100110011	4915
1001100111000	4920
1001100111001	4921
1001101010000	4944
1001101010001	4945
1001101010010	4946
1001101010011	4947
1001101011000	4952
1001101011001	4953
1001101110000	4976
1001101110001	4977
1001101110010	4978
1001101110011	4979
1001101111000	4984
1001101111001	4985
1100000010000	6160
1100000010001	6161
1100000010010	6162
1100000010011	6163
1100000011000	6168
1100000011001	6169
1100000110000	6192
1100000110001	6193
1100000110010	6194
1100000110011	6195
1100000111000	6200
1100000111001	6201
1100001010000	6224
1100001010001	6225
1100001010010	6226
1100001010011	6227
1100001011000	6232
1100001011001	6233
1100001110000	6256
1100001110001	6257
1100001110010	6258
1100001110011	6259
1100001111000	6264
1100001111001	6265
1101000010000	6672
1101000010001	6673
1101000010010	6674
1101000010011	6675
1101000011000	6680
1101000011001	6681
1101000110000	6704
1101000110001	6705
1101000110010	6706
1101000110011	6707
1101000111000	6712
1101000111001	6713
1101001010000	6736
1101001010001	6737
1101001010010	6738
1101001010011	6739
1101001011000	6744
1101001011001	6745
1101001110000	6768
1101001110001	6769
1101001110010	6770
1101001110011	6771
1101001111000	6776
1101001111001	6777
1101100010000	6928
1101100010001	6929
1101100010010	6930
1101100010011	6931
1101100011000	6936
1101100011001	6937
1101100110000	6960
1101100110001	6961
1101100110010	6962
1101100110011	6963
1101100111000	6968
1101100111001	6969
1101101010000	6992
1101101010001	6993
1101101010010	6994
1101101010011	6995
1101101011000	7000
1101101011001	7001
1101101110000	7024
1101101110001	7025
1101101110010	7026
1101101110011	7027
1101101111000	7032
1101101111001	7033
0010000010000	1040
0010000010001	1041
0010000010010	1042
0010000010011	1043
0010000011000	1048
0010000011001	1049
0010000110000	1072
0010000110001	1073
0010000110010	1074
0010000110011	1075
0010000111000	1080
0010000111001	1081
0010001010000	1104
0010001010001	1105
0010001010010	1106
0010001010011	1107
0010001011000	1112
0010001011001	1113
0010001110000	1136
0010001110001	1137
0010001110010	1138
0010001110011	1139
0010001111000	1144
0010001111001	1145
0011000010000	1552
0011000010001	1553
0011000010010	1554
0011000010011	1555
0011000011000	1560
0011000011001	1561
0011000110000	1584
0011000110001	1585
0011000110010	1586
0011000110011	1587
0011000111000	1592
0011000111001	1593
0011001010000	1616
0011001010001	1617
0011001010010	1618
0011001010011	1619
0011001011000	1624
0011001011001	1625
0011001110000	1648
0011001110001	1649
0011001110010	1650
0011001110011	1651
0011001111000	1656
0011001111001	1657
0011100010000	1808
0011100010001	1809
0011100010010	1810
0011100010011	1811
0011100011000	1816
0011100011001	1817
0011100110000	1840
0011100110001	1841
0011100110010	1842
0011100110011	1843
0011100111000	1848
0011100111001	1849
0011101010000	1872
0011101010001	1873
0011101010010	1874
0011101010011	1875
0011101011000	1880
0011101011001	1881
0011101110000	1904
0011101110001	1905
0011101110010	1906
0011101110011	1907
0011101111000	1912
0011101111001	1913
0110000010000	3088
0110000010001	3089
0110000010010	3090
0110000010011	3091
0110000011000	3096
0110000011001	3097
0110000110000	3120
0110000110001	3121
0110000110010	3122
0110000110011	3123
0110000111000	3128
0110000111001	3129
0110001010000	3152
0110001010001	3153
0110001010010	3154
0110001010011	3155
0110001011000	3160
0110001011001	3161
0110001110000	3184
0110001110001	3185
0110001110010	3186
0110001110011	3187
0110001111000	3192
0110001111001	3193
0111000010000	3600
0111000010001	3601
0111000010010	3602
0111000010011	3603
0111000011000	3608
0111000011001	3609
0111000110000	3632
0111000110001	3633
0111000110010	3634
0111000110011	3635
0111000111000	3640
0111000111001	3641
0111001010000	3664
0111001010001	3665
0111001010010	3666
0111001010011	3667
0111001011000	3672
0111001011001	3673
0111001110000	3696
0111001110001	3697
0111001110010	3698
0111001110011	3699
0111001111000	3704
0111001111001	3705
0111100010000	3856
0111100010001	3857
0111100010010	3858
0111100010011	3859
0111100011000	3864
0111100011001	3865
0111100110000	3888
0111100110001	3889
0111100110010	3890
0111100110011	3891
0111100111000	3896
0111100111001	3897
0111101010000	3920
0111101010001	3921
0111101010010	3922
0111101010011	3923
0111101011000	3928
0111101011001	3929
0111101110000	3952
0111101110001	3953
0111101110010	3954
0111101110011	3955
0111101111000	3960
0111101111001	3961
1010000010000	5136
1010000010001	5137
1010000010010	5138
1010000010011	5139
1010000011000	5144
1010000011001	5145
1010000110000	5168
1010000110001	5169
1010000110010	5170
1010000110011	5171
1010000111000	5176
1010000111001	5177
1010001010000	5200
1010001010001	5201
1010001010010	5202
1010001010011	5203
1010001011000	5208
1010001011001	5209
1010001110000	5232
1010001110001	5233
1010001110010	5234
1010001110011	5235
1010001111000	5240
1010001111001	5241
1011000010000	5648
1011000010001	5649
1011000010010	5650
1011000010011	5651
1011000011000	5656
1011000011001	5657
1011000110000	5680
1011000110001	5681
1011000110010	5682
1011000110011	5683
1011000111000	5688
1011000111001	5689
1011001010000	5712
1011001010001	5713
1011001010010	5714
1011001010011	5715
1011001011000	5720
1011001011001	5721
1011001110000	5744
1011001110001	5745
1011001110010	5746
1011001110011	5747
1011001111000	5752
1011001111001	5753
1011100010000	5904
1011100010001	5905
1011100010010	5906
1011100010011	5907
1011100011000	5912
1011100011001	5913
1011100110000	5936
1011100110001	5937
1011100110010	5938
1011100110011	5939
1011100111000	5944
1011100111001	5945
1011101010000	5968
1011101010001	5969
1011101010010	5970
1011101010011	5971
1011101011000	5976
1011101011001	5977
1011101110000	6000
1011101110001	6001
1011101110010	6002
1011101110011	6003
1011101111000	6008
1011101111001	6009
1110000010000	7184
1110000010001	7185
1110000010010	7186
1110000010011	7187
1110000011000	7192
1110000011001	7193
1110000110000	7216
1110000110001	7217
1110000110010	7218
1110000110011	7219
1110000111000	7224
1110000111001	7225
1110001010000	7248
1110001010001	7249
1110001010010	7250
1110001010011	7251
1110001011000	7256
1110001011001	7257
1110001110000	7280
1110001110001	7281
1110001110010	7282
1110001110011	7283
1110001111000	7288
1110001111001	7289
1111000010000	7696
1111000010001	7697
1111000010010	7698
1111000010011	7699
1111000011000	7704
1111000011001	7705
1111000110000	7728
1111000110001	7729
1111000110010	7730
1111000110011	7731
1111000111000	7736
1111000111001	7737
1111001010000	7760
1111001010001	7761
1111001010010	7762
1111001010011	7763
1111001011000	7768
1111001011001	7769
1111001110000	7792
1111001110001	7793
1111001110010	7794
1111001110011	7795
1111001111000	7800
1111001111001	7801
1111100010000	7952
1111100010001	7953
1111100010010	7954
1111100010011	7955
1111100011000	7960
1111100011001	7961
1111100110000	7984
1111100110001	7985
1111100110010	7986
1111100110011	7987
1111100111000	7992
1111100111001	7993
1111101010000	8016
1111101010001	8017
1111101010010	8018
1111101010011	8019
1111101011000	8024
1111101011001	8025
1111101110000	8048
1111101110001	8049
1111101110010	8050
1111101110011	8051
1111101111000	8056
1111101111001	8057
0010000010100	1044
0010000010101	1045
0010000010110	1046
0010000010111	1047
0010000011100	1052
0010000011101	1053
0010000110100	1076
0010000110101	1077
0010000110110	1078
0010000110111	1079
0010000111100	1084
0010000111101	1085
0010001010100	1108
0010001010101	1109
0010001010110	1110
0010001010111	1111
0010001011100	1116
0010001011101	1117
0010001110100	1140
0010001110101	1141
0010001110110	1142
0010001110111	1143
0010001111100	1148
0010001111101	1149
0011000010100	1556
0011000010101	1557
0011000010110	1558
0011000010111	1559
0011000011100	1564
0011000011101	1565
0011000110100	1588
0011000110101	1589
0011000110110	1590
0011000110111	1591
0011000111100	1596
0011000111101	1597
0011001010100	1620
0011001010101	1621
0011001010110	1622
0011001010111	1623
0011001011100	1628
0011001011101	1629
0011001110100	1652
0011001110101	1653
0011001110110	1654
0011001110111	1655
0011001111100	1660
0011001111101	1661
0011100010100	1812
0011100010101	1813
0011100010110	1814
0011100010111	1815
0011100011100	1820
0011100011101	1821
0011100110100	1844
0011100110101	1845
0011100110110	1846
0011100110111	1847
0011100111100	1852
0011100111101	1853
0011101010100	1876
0011101010101	1877
0011101010110	1878
0011101010111	1879
0011101011100	1884
0011101011101	1885
0011101110100	1908
0011101110101	1909
0011101110110	1910
0011101110111	1911
0011101111100	1916
0011101111101	1917
0110000010100	3092
0110000010101	3093
0110000010110	3094
0110000010111	3095
0110000011100	3100
0110000011101	3101
0110000110100	3124
0110000110101	3125
0110000110110	3126
0110000110111	3127
0110000111100	3132
0110000111101	3133
0110001010100	3156
0110001010101	3157
0110001010110	3158
0110001010111	3159
0110001011100	3164
0110001011101	3165
0110001110100	3188
0110001110101	3189
0110001110110	3190
0110001110111	3191
0110001111100	3196
0110001111101	3197
0111000010100	3604
0111000010101	3605
0111000010110	3606
0111000010111	3607
0111000011100	3612
0111000011101	3613
0111000110100	3636
0111000110101	3637
0111000110110	3638
0111000110111	3639
0111000111100	3644
0111000111101	3645
0111001010100	3668
0111001010101	3669
0111001010110	3670
0111001010111	3671
0111001011100	3676
0111001011101	3677
0111001110100	3700
0111001110101	3701
0111001110110	3702
0111001110111	3703
0111001111100	3708
0111001111101	3709
0111100010100	3860
0111100010101	3861
0111100010110	3862
0111100010111	3863
0111100011100	3868
0111100011101	3869
0111100110100	3892
0111100110101	3893
0111100110110	3894
0111100110111	3895
0111100111100	3900
0111100111101	3901
0111101010100	3924
0111101010101	3925
0111101010110	3926
0111101010111	3927
0111101011100	3932
0111101011101	3933
0111101110100	3956
0111101110101	3957
0111101110110	3958
0111101110111	3959
0111101111100	3964
0111101111101	3965
1010000010100	5140
1010000010101	5141
1010000010110	5142
1010000010111	5143
1010000011100	5148
1010000011101	5149
1010000110100	5172
1010000110101	5173
1010000110110	5174
1010000110111	5175
1010000111100	5180
1010000111101	5181
1010001010100	5204
1010001010101	5205
1010001010110	5206
1010001010111	5207
1010001011100	5212
1010001011101	5213
1010001110100	5236
1010001110101	5237
1010001110110	5238
1010001110111	5239
1010001111100	5244
1010001111101	5245
1011000010100	5652
1011000010101	5653
1011000010110	5654
1011000010111	5655
1011000011100	5660
1011000011101	5661
1011000110100	5684
1011000110101	5685
1011000110110	5686
1011000110111	5687
1011000111100	5692
1011000111101	5693
1011001010100	5716
1011001010101	5717
1011001010110	5718
1011001010111	5719
1011001011100	5724
1011001011101	5725
1011001110100	5748
1011001110101	5749
1011001110110	5750
1011001110111	5751
1011001111100	5756
1011001111101	5757
1011100010100	5908
1011100010101	5909
1011100010110	5910
1011100010111	5911
1011100011100	5916
1011100011101	5917
1011100110100	5940
1011100110101	5941
1011100110110	5942
1011100110111	5943
1011100111100	5948
1011100111101	5949
1011101010100	5972
1011101010101	5973
1011101010110	5974
1011101010111	5975
1011101011100	5980
1011101011101	5981
1011101110100	6004
1011101110101	6005
1011101110110	6006
1011101110111	6007
1011101111100	6012
1011101111101	6013
1110000010100	7188
1110000010101	7189
1110000010110	7190
1110000010111	7191
1110000011100	7196
1110000011101	7197
1110000110100	7220
1110000110101	7221
1110000110110	7222
1110000110111	7223
1110000111100	7228
1110000111101	7229
1110001010100	7252
1110001010101	7253
1110001010110	7254
1110001010111	7255
1110001011100	7260
1110001011101	7261
1110001110100	7284
1110001110101	7285
1110001110110	7286
1110001110111	7287
1110001111100	7292
1110001111101	7293
1111000010100	7700
1111000010101	7701
1111000010110	7702
1111000010111	7703
1111000011100	7708
1111000011101	7709
1111000110100	7732
1111000110101	7733
1111000110110	7734
1111000110111	7735
1111000111100	7740
1111000111101	7741
1111001010100	7764
1111001010101	7765
1111001010110	7766
1111001010111	7767
1111001011100	7772
1111001011101	7773
1111001110100	7796
1111001110101	7797
1111001110110	7798
1111001110111	7799
1111001111100	7804
1111001111101	7805
1111100010100	7956
1111100010101	7957
1111100010110	7958
1111100010111	7959
1111100011100	7964
1111100011101	7965
1111100110100	7988
1111100110101	7989
1111100110110	7990
1111100110111	7991
1111100111100	7996
1111100111101	7997
1111101010100	8020
1111101010101	8021
1111101010110	8022
1111101010111	8023
1111101011100	8028
1111101011101	8029
1111101110100	8052
1111101110101	8053
1111101110110	8054
1111101110111	8055
1111101111100	8060
1111101111101	8061
